1442349777 252
1442349823 362
1442350144 368
1442350440 372
1442365981 433
1442366364 433
1442366992 247203
1442367637 247217
1442367834 247216
1442511180 247218
1442511406 247219
1442512142 247223
1442789797 247376
1442790177 247461
1442790479 247460
1442790795 247478
1443120295 247471
1443120349 247475
1443122012 247625
1443122091 248432
1443207656 248545
1443207891 248635
1443208818 248633
1443299593 248643
1443306951 249049
1443309664 249049
1443311448 249055
1443311456 249055
1443541396 249180
1444075878 249181
1444075983 249180
1444076054 249202
1444080012 249202
1444097232 975389
1444098134 986910
1444161683 986910
1444162055 986910
1444163409 986965
1444172486 986967
1444172490 987003
1444173060 987003
1444173104 987014
1444422760 987012
1444759316 987014
1444759324 987160
1444789086 987225
1444789593 987228
1444790443 987231
1444871835 987240
1445455391 987277
1445455487 987591
